id;descripcion;valor
1;invoice Enterprise-wide;Profit-focused implementation CFA
2;Grocery;red Communications
3;solid Gorgeous full-range;haptic
4;hack;connect deposit
5;Indiana Loan cross-platform;Computers Avon convergence
6;synergistic;auxiliary
7;Pizza Alabama middleware;Falkland Baby Guinea
8;matrix Kids feed;connecting utilisation
9;haptic Automotive;Account yellow Assurance
10;Bedfordshire Kuwait schemas;seamless
